%YAML:1.0
---
K: !!opencv-matrix
   rows: 3
   cols: 3
   dt: d
   data: [ 591.55070674671776, 0., 325.3678451553609, 0.,
       592.88278307839482, 257.09178056444006, 0., 0., 1. ]
D: !!opencv-matrix
   rows: 1
   cols: 5
   dt: d
   data: [ 0.24926886187398647, -1.5914981566495681,
       -0.001376346729257804, 0.0042357208958515302, 2.6839020936373701 ]
