%YAML:1.0
---
K: !!opencv-matrix
   rows: 3
   cols: 3
   dt: d
   data: [ 693.94862942041391, 0., 347.22863231868416, 0.,
       694.02671550455102, 251.1892491288468, 0., 0., 1. ]
D: !!opencv-matrix
   rows: 1
   cols: 5
   dt: d
   data: [ -0.37431875514529894, -0.0053632281764645845,
       0.0029501302719796576, -0.00041289160489056155,
       0.57387588080935426 ]
